 time  sigma_1  sigma_2  sigma_3  sigma_4  sigma_5  sigma_6  Pressure  Mises  sigma_norm
0.000000e+00   0.000000e+00  0.000000e+00  0.000000e+00  0.000000e+00  0.000000e+00  0.000000e+00  -0.000000e+00  0.000000e+00  0.000000e+00
4.998750e-04   -3.312278e+01  -8.352209e+01  2.909619e+07  -4.855950e+05  -3.680659e+05  2.586986e+05  -9.698691e+06  2.911883e+07  2.911125e+07
9.995003e-04   -1.401145e+02  -3.533902e+02  5.817637e+07  -9.708240e+05  -7.361267e+05  5.175519e+05  -1.939196e+07  5.822178e+07  5.820649e+07
1.498876e-03   -3.208268e+02  -8.093211e+02  8.724286e+07  -1.455898e+06  -1.104047e+06  7.762935e+05  -2.908058e+07  8.731116e+07  8.728802e+07
1.998003e-03   -5.750912e+02  -1.450974e+03  1.162956e+08  -1.940819e+06  -1.471826e+06  1.034923e+06  -3.876454e+07  1.163870e+08  1.163559e+08
2.496880e-03   -9.027398e+02  -2.278010e+03  1.453348e+08  -2.425584e+06  -1.839465e+06  1.293442e+06  -4.844386e+07  1.454492e+08  1.454100e+08
2.995509e-03   -1.303605e+03  -3.290090e+03  1.743602e+08  -2.910195e+06  -2.206964e+06  1.551848e+06  -5.811854e+07  1.744979e+08  1.744505e+08
3.493889e-03   -1.777519e+03  -4.486874e+03  2.033720e+08  -3.394652e+06  -2.574322e+06  1.810143e+06  -6.778858e+07  2.035331e+08  2.034773e+08
3.992021e-03   -2.324313e+03  -5.868022e+03  2.323701e+08  -3.878954e+06  -2.941540e+06  2.068327e+06  -7.745398e+07  2.325547e+08  2.324905e+08
4.489905e-03   -2.943818e+03  -7.433185e+03  2.613545e+08  -4.363100e+06  -3.308616e+06  2.326397e+06  -8.711471e+07  2.615627e+08  2.614899e+08
4.987542e-03   -3.635852e+03  -9.181994e+03  2.903249e+08  -4.847086e+06  -3.675548e+06  2.584352e+06  -9.677071e+07  2.905570e+08  2.904754e+08
5.484930e-03   -4.400215e+03  -1.111402e+04  3.192810e+08  -5.330905e+06  -4.042332e+06  2.842186e+06  -1.064218e+08  3.195369e+08  3.194464e+08
5.982072e-03   -5.236655e+03  -1.322872e+04  3.482216e+08  -5.814539e+06  -4.408955e+06  3.099884e+06  -1.160677e+08  3.485015e+08  3.484020e+08
6.478966e-03   -6.144812e+03  -1.552527e+04  3.771445e+08  -6.297950e+06  -4.775394e+06  3.357417e+06  -1.257076e+08  3.774485e+08  3.773400e+08
6.975614e-03   -7.124114e+03  -1.800233e+04  4.060455e+08  -6.781069e+06  -5.141601e+06  3.614731e+06  -1.353401e+08  4.063738e+08  4.062560e+08
7.472015e-03   -8.173591e+03  -2.065755e+04  4.349169e+08  -7.263766e+06  -5.507492e+06  3.871723e+06  -1.449627e+08  4.352695e+08  4.351424e+08
7.968170e-03   -9.291566e+03  -2.348683e+04  4.637451e+08  -7.745815e+06  -5.872914e+06  4.128217e+06  -1.545708e+08  4.641221e+08  4.639855e+08
8.464078e-03   -1.047518e+04  -2.648310e+04  4.925070e+08  -8.226834e+06  -6.237615e+06  4.383910e+06  -1.641567e+08  4.929084e+08  4.927623e+08
8.959741e-03   -1.171961e+04  -2.963433e+04  5.211653e+08  -8.706203e+06  -6.601182e+06  4.638319e+06  -1.737080e+08  5.215913e+08  5.214355e+08
9.455159e-03   -1.301718e+04  -3.292098e+04  5.496615e+08  -9.182949e+06  -6.962965e+06  4.890680e+06  -1.832052e+08  5.501119e+08  5.499465e+08
9.950331e-03   -1.867196e+04  -4.049931e+04  5.779072e+08  -9.655602e+06  -7.321982e+06  5.139936e+06  -1.926160e+08  5.783863e+08  5.782069e+08
1.044526e-02   -2.001267e+04  -4.392586e+04  6.057754e+08  -1.012206e+07  -7.676694e+06  5.384110e+06  -2.019038e+08  6.062785e+08  6.060896e+08
1.093994e-02   -2.135335e+04  -4.734355e+04  6.330863e+08  -1.057928e+07  -8.025208e+06  5.621144e+06  -2.110059e+08  6.336131e+08  6.334147e+08
1.143438e-02   -2.266770e+04  -5.066498e+04  6.596077e+08  -1.102338e+07  -8.364890e+06  5.848120e+06  -2.198448e+08  6.601574e+08  6.599498e+08
1.192857e-02   -2.393053e+04  -5.378586e+04  6.850564e+08  -1.144960e+07  -8.692479e+06  6.061581e+06  -2.283262e+08  6.856279e+08  6.854116e+08
1.242252e-02   -2.512722e+04  -5.659579e+04  7.091178e+08  -1.185259e+07  -9.004249e+06  6.257832e+06  -2.363454e+08  7.097099e+08  7.094854e+08
1.291623e-02   -2.626601e+04  -5.899986e+04  7.314824e+08  -1.222709e+07  -9.296354e+06  6.433456e+06  -2.437991e+08  7.320935e+08  7.318615e+08
1.340969e-02   -2.738742e+04  -6.093989e+04  7.518932e+08  -1.256866e+07  -9.565318e+06  6.585909e+06  -2.506016e+08  7.525213e+08  7.522826e+08
1.390291e-02   -2.856548e+04  -6.241079e+04  7.701911e+08  -1.287450e+07  -9.808554e+06  6.714007e+06  -2.567001e+08  7.708343e+08  7.705897e+08
1.439588e-02   -2.989643e+04  -6.346104e+04  7.863416e+08  -1.314394e+07  -1.002475e+07  6.818107e+06  -2.620827e+08  7.869979e+08  7.867481e+08
1.488861e-02   -3.147810e+04  -6.417592e+04  8.004323e+08  -1.337841e+07  -1.021399e+07  6.899942e+06  -2.667789e+08  8.011000e+08  8.008456e+08
1.538110e-02   -3.339530e+04  -6.465446e+04  8.126470e+08  -1.358101e+07  -1.037762e+07  6.962207e+06  -2.708496e+08  8.133244e+08  8.130660e+08
1.587335e-02   -3.570860e+04  -6.498782e+04  8.232257e+08  -1.375580e+07  -1.051791e+07  7.008056e+06  -2.743750e+08  8.239116e+08  8.236495e+08
1.636535e-02   -3.845079e+04  -6.524639e+04  8.324269e+08  -1.390720e+07  -1.063764e+07  7.040669e+06  -2.774411e+08  8.331202e+08  8.328546e+08
1.685712e-02   -4.163226e+04  -6.547625e+04  8.404986e+08  -1.403941e+07  -1.073973e+07  7.062960e+06  -2.801305e+08  8.411985e+08  8.409296e+08
1.734864e-02   -4.524798e+04  -6.570175e+04  8.476615e+08  -1.415617e+07  -1.082698e+07  7.077428e+06  -2.825168e+08  8.483673e+08  8.480951e+08
1.783992e-02   -4.928384e+04  -6.593041e+04  8.541014e+08  -1.426059e+07  -1.090192e+07  7.086115e+06  -2.846621e+08  8.548128e+08  8.545374e+08
1.833096e-02   -5.372149e+04  -6.615938e+04  8.599698e+08  -1.435520e+07  -1.096674e+07  7.090639e+06  -2.866166e+08  8.606864e+08  8.604076e+08
1.882175e-02   -5.854214e+04  -6.638024e+04  8.653862e+08  -1.444199e+07  -1.102329e+07  7.092245e+06  -2.884204e+08  8.661077e+08  8.658257e+08
1.931231e-02   -6.372815e+04  -6.658219e+04  8.704437e+08  -1.452251e+07  -1.107309e+07  7.091882e+06  -2.901045e+08  8.711700e+08  8.708846e+08
1.980263e-02   -7.518182e+04  -7.232188e+04  8.752097e+08  -1.459785e+07  -1.111733e+07  7.090153e+06  -2.916874e+08  8.759464e+08  8.756517e+08
2.029270e-02   -8.106493e+04  -7.382643e+04  8.797173e+08  -1.467091e+07  -1.115704e+07  7.086820e+06  -2.931875e+08  8.804593e+08  8.801604e+08
2.078254e-02   -8.721755e+04  -7.389295e+04  8.840186e+08  -1.473802e+07  -1.119372e+07  7.083167e+06  -2.946192e+08  8.847651e+08  8.844627e+08
2.127214e-02   -9.368487e+04  -7.388916e+04  8.881712e+08  -1.480237e+07  -1.122749e+07  7.079642e+06  -2.960012e+08  8.889222e+08  8.886161e+08
2.176149e-02   -1.004626e+05  -7.380488e+04  8.921949e+08  -1.486426e+07  -1.125882e+07  7.076390e+06  -2.973402e+08  8.929505e+08  8.926407e+08
2.225061e-02   -1.075480e+05  -7.363113e+04  8.961053e+08  -1.492397e+07  -1.128807e+07  7.073515e+06  -2.986414e+08  8.968655e+08  8.965518e+08
2.273949e-02   -1.149392e+05  -7.335881e+04  8.999142e+08  -1.498169e+07  -1.131556e+07  7.071086e+06  -2.999086e+08  9.006790e+08  9.003614e+08
2.322813e-02   -1.226355e+05  -7.297986e+04  9.036309e+08  -1.503758e+07  -1.134153e+07  7.069153e+06  -3.011451e+08  9.044002e+08  9.040787e+08
2.371653e-02   -1.306358e+05  -7.248884e+04  9.072627e+08  -1.509178e+07  -1.136620e+07  7.067753e+06  -3.023532e+08  9.080367e+08  9.077111e+08
2.420469e-02   -1.389401e+05  -7.188043e+04  9.108154e+08  -1.514439e+07  -1.138973e+07  7.066905e+06  -3.035349e+08  9.115941e+08  9.112644e+08
2.469261e-02   -1.475492e+05  -7.114879e+04  9.142935e+08  -1.519551e+07  -1.141227e+07  7.066610e+06  -3.046916e+08  9.150770e+08  9.147430e+08
2.518030e-02   -1.564642e+05  -7.028940e+04  9.177006e+08  -1.524520e+07  -1.143394e+07  7.066863e+06  -3.058246e+08  9.184889e+08  9.181506e+08
2.566775e-02   -1.656866e+05  -6.929806e+04  9.210396e+08  -1.529352e+07  -1.145483e+07  7.067651e+06  -3.069349e+08  9.218327e+08  9.214901e+08
2.615496e-02   -1.752205e+05  -6.817087e+04  9.243131e+08  -1.534053e+07  -1.147502e+07  7.068962e+06  -3.080232e+08  9.251111e+08  9.247641e+08
2.664193e-02   -1.850703e+05  -6.690407e+04  9.275231e+08  -1.538628e+07  -1.149460e+07  7.070775e+06  -3.090904e+08  9.283261e+08  9.279746e+08
2.712867e-02   -1.952330e+05  -6.549475e+04  9.306713e+08  -1.543081e+07  -1.151362e+07  7.073065e+06  -3.101369e+08  9.314794e+08  9.311233e+08
2.761517e-02   -2.057103e+05  -6.394012e+04  9.337592e+08  -1.547414e+07  -1.153213e+07  7.075805e+06  -3.111632e+08  9.345724e+08  9.342116e+08
2.810143e-02   -2.165044e+05  -6.223780e+04  9.367882e+08  -1.551631e+07  -1.155019e+07  7.078971e+06  -3.121698e+08  9.376065e+08  9.372410e+08
2.858746e-02   -2.276171e+05  -6.038600e+04  9.397592e+08  -1.555735e+07  -1.156783e+07  7.082534e+06  -3.131571e+08  9.405828e+08  9.402124e+08
2.907325e-02   -2.390505e+05  -5.838236e+04  9.426732e+08  -1.559727e+07  -1.158507e+07  7.086464e+06  -3.141253e+08  9.435022e+08  9.431269e+08
2.955880e-02   -2.587362e+05  -6.243620e+04  9.455229e+08  -1.563596e+07  -1.160194e+07  7.090359e+06  -3.150673e+08  9.463643e+08  9.459770e+08
3.004412e-02   -2.707790e+05  -6.010055e+04  9.482950e+08  -1.567309e+07  -1.161853e+07  7.093959e+06  -3.159880e+08  9.491418e+08  9.487494e+08
3.052921e-02   -2.831411e+05  -5.760961e+04  9.510202e+08  -1.570936e+07  -1.163491e+07  7.097937e+06  -3.168931e+08  9.518724e+08  9.514749e+08
3.101405e-02   -2.958269e+05  -5.496137e+04  9.536972e+08  -1.574475e+07  -1.165107e+07  7.102248e+06  -3.177821e+08  9.545549e+08  9.541523e+08
3.149867e-02   -3.088407e+05  -5.215343e+04  9.563250e+08  -1.577924e+07  -1.166703e+07  7.106847e+06  -3.186547e+08  9.571884e+08  9.567804e+08
3.198305e-02   -3.221855e+05  -4.918323e+04  9.589032e+08  -1.581281e+07  -1.168276e+07  7.111696e+06  -3.195106e+08  9.597723e+08  9.593590e+08
3.246719e-02   -3.358649e+05  -4.604909e+04  9.614314e+08  -1.584546e+07  -1.169828e+07  7.116758e+06  -3.203498e+08  9.623063e+08  9.618876e+08
3.295110e-02   -3.498821e+05  -4.274998e+04  9.639098e+08  -1.587721e+07  -1.171358e+07  7.122008e+06  -3.211724e+08  9.647905e+08  9.643662e+08
3.343478e-02   -3.642411e+05  -3.928505e+04  9.663385e+08  -1.590805e+07  -1.172867e+07  7.127420e+06  -3.219783e+08  9.672251e+08  9.667953e+08
3.391822e-02   -3.789470e+05  -3.565463e+04  9.687179e+08  -1.593802e+07  -1.174355e+07  7.132976e+06  -3.227678e+08  9.696105e+08  9.691750e+08
3.440143e-02   -3.940043e+05  -3.185961e+04  9.710486e+08  -1.596712e+07  -1.175823e+07  7.138657e+06  -3.235409e+08  9.719473e+08  9.715059e+08
3.488440e-02   -4.095821e+05  -3.101371e+04  9.733313e+08  -1.599826e+07  -1.177269e+07  7.144422e+06  -3.242969e+08  9.742380e+08  9.737891e+08
3.536714e-02   -4.252880e+05  -2.696752e+04  9.755348e+08  -1.602540e+07  -1.178746e+07  7.149801e+06  -3.250275e+08  9.764477e+08  9.759929e+08
3.584965e-02   -4.413496e+05  -2.275819e+04  9.776981e+08  -1.605184e+07  -1.180209e+07  7.155303e+06  -3.257447e+08  9.786174e+08  9.781565e+08
3.633193e-02   -4.577712e+05  -1.838683e+04  9.798199e+08  -1.607757e+07  -1.181658e+07  7.160899e+06  -3.264479e+08  9.807456e+08  9.802785e+08
3.681397e-02   -4.745578e+05  -1.385572e+04  9.818992e+08  -1.610259e+07  -1.183095e+07  7.166570e+06  -3.271369e+08  9.828315e+08  9.823582e+08
3.729578e-02   -4.917138e+05  -9.168034e+03  9.839356e+08  -1.612689e+07  -1.184518e+07  7.172301e+06  -3.278116e+08  9.848746e+08  9.843949e+08
3.777736e-02   -5.092429e+05  -4.326777e+03  9.859288e+08  -1.615047e+07  -1.185927e+07  7.178070e+06  -3.284718e+08  9.868745e+08  9.863883e+08
3.825871e-02   -5.271488e+05  6.646044e+02  9.878787e+08  -1.617334e+07  -1.187323e+07  7.183857e+06  -3.291174e+08  9.888312e+08  9.883385e+08
3.873983e-02   -5.454385e+05  5.805337e+03  9.897855e+08  -1.619550e+07  -1.188705e+07  7.189639e+06  -3.297486e+08  9.907450e+08  9.902455e+08
3.922071e-02   -5.734746e+05  4.532426e+03  9.916344e+08  -1.621667e+07  -1.190070e+07  7.194741e+06  -3.303551e+08  9.926089e+08  9.920947e+08
3.970137e-02   -5.924839e+05  9.976890e+03  9.934183e+08  -1.623665e+07  -1.191424e+07  7.199358e+06  -3.309453e+08  9.943999e+08  9.938788e+08
4.018179e-02   -6.118736e+05  1.556133e+04  9.951686e+08  -1.625617e+07  -1.192776e+07  7.204021e+06  -3.315241e+08  9.961575e+08  9.956293e+08
4.066198e-02   -6.316526e+05  2.128455e+04  9.968834e+08  -1.627518e+07  -1.194123e+07  7.208699e+06  -3.320910e+08  9.978796e+08  9.973443e+08
4.114194e-02   -6.518356e+05  2.714455e+04  9.985615e+08  -1.629367e+07  -1.195463e+07  7.213374e+06  -3.326456e+08  9.995652e+08  9.990227e+08
4.162167e-02   -6.724249e+05  3.313669e+04  1.000202e+09  -1.631163e+07  -1.196794e+07  7.218023e+06  -3.331877e+08  1.001214e+09  1.000664e+09
4.210118e-02   -6.934209e+05  3.925576e+04  1.001805e+09  -1.632904e+07  -1.198114e+07  7.222630e+06  -3.337170e+08  1.002824e+09  1.002267e+09
4.258045e-02   -7.148291e+05  4.550008e+04  1.003370e+09  -1.634592e+07  -1.199422e+07  7.227185e+06  -3.342337e+08  1.004397e+09  1.003832e+09
4.305949e-02   -7.366540e+05  5.186897e+04  1.004898e+09  -1.636225e+07  -1.200718e+07  7.231673e+06  -3.347376e+08  1.005933e+09  1.005360e+09
4.353830e-02   -7.589014e+05  5.836130e+04  1.006386e+09  -1.637805e+07  -1.202001e+07  7.236082e+06  -3.352286e+08  1.007430e+09  1.006849e+09
4.401689e-02   -7.815793e+05  6.497425e+04  1.007837e+09  -1.639334e+07  -1.203268e+07  7.240405e+06  -3.357067e+08  1.008888e+09  1.008299e+09
4.449524e-02   -8.046948e+05  7.170024e+04  1.009249e+09  -1.640816e+07  -1.204517e+07  7.244641e+06  -3.361719e+08  1.010309e+09  1.009711e+09
4.497337e-02   -8.282555e+05  7.853136e+04  1.010623e+09  -1.642254e+07  -1.205749e+07  7.248789e+06  -3.366243e+08  1.011691e+09  1.011086e+09
4.545126e-02   -8.522626e+05  8.546418e+04  1.011959e+09  -1.643647e+07  -1.206965e+07  7.252843e+06  -3.370642e+08  1.013037e+09  1.012423e+09
4.592893e-02   -8.767201e+05  9.249724e+04  1.013260e+09  -1.644996e+07  -1.208167e+07  7.256784e+06  -3.374918e+08  1.014346e+09  1.013723e+09
4.640637e-02   -9.016309e+05  9.962699e+04  1.014525e+09  -1.646301e+07  -1.209354e+07  7.260600e+06  -3.379075e+08  1.015620e+09  1.014988e+09
4.688359e-02   -9.269968e+05  1.068492e+05  1.015755e+09  -1.647561e+07  -1.210528e+07  7.264285e+06  -3.383115e+08  1.016860e+09  1.016218e+09
4.736057e-02   -9.528211e+05  1.141563e+05  1.016951e+09  -1.648778e+07  -1.211690e+07  7.267847e+06  -3.387041e+08  1.018066e+09  1.017415e+09
4.783733e-02   -9.791066e+05  1.215383e+05  1.018115e+09  -1.649953e+07  -1.212844e+07  7.271287e+06  -3.390857e+08  1.019239e+09  1.018579e+09
4.831386e-02   -1.005851e+06  1.289828e+05  1.019247e+09  -1.651087e+07  -1.213988e+07  7.274607e+06  -3.394566e+08  1.020381e+09  1.019711e+09
4.879016e-02   -1.043134e+06  1.299916e+05  1.020327e+09  -1.652138e+07  -1.215125e+07  7.276922e+06  -3.398047e+08  1.021480e+09  1.020792e+09
4.926624e-02   -1.071025e+06  1.343222e+05  1.021347e+09  -1.653417e+07  -1.216285e+07  7.278642e+06  -3.401368e+08  1.022512e+09  1.021812e+09
4.974209e-02   -1.098895e+06  1.417965e+05  1.022330e+09  -1.654361e+07  -1.217487e+07  7.280049e+06  -3.404575e+08  1.023505e+09  1.022795e+09
5.021772e-02   -1.127206e+06  1.493029e+05  1.023297e+09  -1.655295e+07  -1.218693e+07  7.281446e+06  -3.407730e+08  1.024483e+09  1.023762e+09
5.069311e-02   -1.155959e+06  1.568358e+05  1.024247e+09  -1.656213e+07  -1.219899e+07  7.282791e+06  -3.410826e+08  1.025444e+09  1.024712e+09
5.116829e-02   -1.185157e+06  1.643853e+05  1.025178e+09  -1.657111e+07  -1.221101e+07  7.284061e+06  -3.413856e+08  1.026386e+09  1.025643e+09
5.164323e-02   -1.214800e+06  1.719422e+05  1.026088e+09  -1.657987e+07  -1.222297e+07  7.285247e+06  -3.416818e+08  1.027308e+09  1.026554e+09
5.211795e-02   -1.244889e+06  1.794999e+05  1.026978e+09  -1.658840e+07  -1.223486e+07  7.286338e+06  -3.419710e+08  1.028209e+09  1.027444e+09
5.259245e-02   -1.275423e+06  1.870537e+05  1.027848e+09  -1.659669e+07  -1.224666e+07  7.287322e+06  -3.422531e+08  1.029090e+09  1.028314e+09
5.306672e-02   -1.306401e+06  1.945979e+05  1.028696e+09  -1.660472e+07  -1.225837e+07  7.288195e+06  -3.425281e+08  1.029951e+09  1.029163e+09
5.354077e-02   -1.337821e+06  2.021280e+05  1.029524e+09  -1.661249e+07  -1.226999e+07  7.288954e+06  -3.427960e+08  1.030791e+09  1.029990e+09
5.401459e-02   -1.369682e+06  2.096395e+05  1.030331e+09  -1.662000e+07  -1.228151e+07  7.289590e+06  -3.430569e+08  1.031610e+09  1.030798e+09
5.448819e-02   -1.401982e+06  2.171261e+05  1.031117e+09  -1.662723e+07  -1.229294e+07  7.290088e+06  -3.433108e+08  1.032409e+09  1.031584e+09
5.496156e-02   -1.434720e+06  2.245842e+05  1.031883e+09  -1.663419e+07  -1.230426e+07  7.290443e+06  -3.435578e+08  1.033188e+09  1.032351e+09
5.543471e-02   -1.467891e+06  2.320124e+05  1.032630e+09  -1.664088e+07  -1.231548e+07  7.290659e+06  -3.437980e+08  1.033948e+09  1.033097e+09
5.590763e-02   -1.501491e+06  2.394051e+05  1.033358e+09  -1.664733e+07  -1.232660e+07  7.290740e+06  -3.440318e+08  1.034689e+09  1.033825e+09
5.638033e-02   -1.535514e+06  2.467583e+05  1.034066e+09  -1.665355e+07  -1.233763e+07  7.290684e+06  -3.442592e+08  1.035412e+09  1.034534e+09
5.685281e-02   -1.569957e+06  2.540684e+05  1.034757e+09  -1.665956e+07  -1.234856e+07  7.290485e+06  -3.444805e+08  1.036116e+09  1.035225e+09
5.732507e-02   -1.604811e+06  2.613355e+05  1.035431e+09  -1.666538e+07  -1.235939e+07  7.290147e+06  -3.446958e+08  1.036804e+09  1.035899e+09
5.779710e-02   -1.640073e+06  2.685590e+05  1.036087e+09  -1.667103e+07  -1.237012e+07  7.289669e+06  -3.449052e+08  1.037474e+09  1.036556e+09
5.826891e-02   -1.686133e+06  2.695727e+05  1.036708e+09  -1.667604e+07  -1.238094e+07  7.287997e+06  -3.450973e+08  1.038118e+09  1.037177e+09
5.874050e-02   -1.722021e+06  2.766745e+05  1.037310e+09  -1.668074e+07  -1.239187e+07  7.286193e+06  -3.452883e+08  1.038735e+09  1.037779e+09
5.921186e-02   -1.758273e+06  2.837210e+05  1.037903e+09  -1.668550e+07  -1.240277e+07  7.284323e+06  -3.454762e+08  1.039343e+09  1.038372e+09
5.968300e-02   -1.794888e+06  2.907154e+05  1.038486e+09  -1.669030e+07  -1.241364e+07  7.282370e+06  -3.456606e+08  1.039940e+09  1.038955e+09
6.015392e-02   -1.831863e+06  2.976555e+05  1.039058e+09  -1.669512e+07  -1.242445e+07  7.280322e+06  -3.458412e+08  1.040528e+09  1.039527e+09
6.062462e-02   -1.869192e+06  3.045382e+05  1.039619e+09  -1.669996e+07  -1.243520e+07  7.278178e+06  -3.460181e+08  1.041104e+09  1.040088e+09
6.109510e-02   -1.906870e+06  3.113596e+05  1.040169e+09  -1.670480e+07  -1.244588e+07  7.275936e+06  -3.461911e+08  1.041670e+09  1.040639e+09
6.156536e-02   -1.944892e+06  3.181181e+05  1.040708e+09  -1.670964e+07  -1.245649e+07  7.273594e+06  -3.463604e+08  1.042225e+09  1.041178e+09
6.203539e-02   -1.983252e+06  3.248139e+05  1.041236e+09  -1.671447e+07  -1.246701e+07  7.271157e+06  -3.465259e+08  1.042769e+09  1.041706e+09
6.250521e-02   -2.021944e+06  3.314451e+05  1.041754e+09  -1.671929e+07  -1.247744e+07  7.268632e+06  -3.466878e+08  1.043303e+09  1.042224e+09
6.297480e-02   -2.060961e+06  3.380109e+05  1.042261e+09  -1.672409e+07  -1.248777e+07  7.266016e+06  -3.468461e+08  1.043827e+09  1.042732e+09
6.344417e-02   -2.100706e+06  3.414693e+05  1.042746e+09  -1.673206e+07  -1.249863e+07  7.262847e+06  -3.469958e+08  1.044331e+09  1.043217e+09
6.391333e-02   -2.140033e+06  3.477863e+05  1.043222e+09  -1.673685e+07  -1.250966e+07  7.259457e+06  -3.471434e+08  1.044823e+09  1.043694e+09
6.438226e-02   -2.179658e+06  3.540430e+05  1.043692e+09  -1.674170e+07  -1.252057e+07  7.255967e+06  -3.472889e+08  1.045310e+09  1.044164e+09
6.485097e-02   -2.219579e+06  3.602403e+05  1.044155e+09  -1.674660e+07  -1.253136e+07  7.252371e+06  -3.474320e+08  1.045791e+09  1.044627e+09
6.531947e-02   -2.259790e+06  3.663782e+05  1.044611e+09  -1.675154e+07  -1.254203e+07  7.248674e+06  -3.475726e+08  1.046264e+09  1.045083e+09
6.578774e-02   -2.300283e+06  3.724564e+05  1.045060e+09  -1.675649e+07  -1.255258e+07  7.244877e+06  -3.477107e+08  1.046730e+09  1.045532e+09
6.625580e-02   -2.341055e+06  3.784753e+05  1.045501e+09  -1.676144e+07  -1.256301e+07  7.240981e+06  -3.478462e+08  1.047189e+09  1.045974e+09
6.672363e-02   -2.382101e+06  3.844351e+05  1.045935e+09  -1.676640e+07  -1.257332e+07  7.236991e+06  -3.479792e+08  1.047641e+09  1.046408e+09
6.719125e-02   -2.423417e+06  3.903368e+05  1.046362e+09  -1.677135e+07  -1.258352e+07  7.232912e+06  -3.481096e+08  1.048085e+09  1.046835e+09
6.765865e-02   -2.475842e+06  3.902357e+05  1.046767e+09  -1.677594e+07  -1.259386e+07  7.227598e+06  -3.482273e+08  1.048518e+09  1.047241e+09
6.812583e-02   -2.517406e+06  3.959889e+05  1.047173e+09  -1.678063e+07  -1.260423e+07  7.222368e+06  -3.483504e+08  1.048941e+09  1.047646e+09
6.859279e-02   -2.559198e+06  4.016780e+05  1.047574e+09  -1.678544e+07  -1.261450e+07  7.217076e+06  -3.484721e+08  1.049361e+09  1.048048e+09
6.905954e-02   -2.601221e+06  4.073065e+05  1.047970e+09  -1.679032e+07  -1.262465e+07  7.211727e+06  -3.485920e+08  1.049775e+09  1.048444e+09
6.952606e-02   -2.643472e+06  4.128758e+05  1.048360e+09  -1.679526e+07  -1.263468e+07  7.206318e+06  -3.487100e+08  1.050184e+09  1.048835e+09
6.999237e-02   -2.685951e+06  4.183859e+05  1.048746e+09  -1.680026e+07  -1.264460e+07  7.200851e+06  -3.488260e+08  1.050588e+09  1.049220e+09
7.045846e-02   -2.728655e+06  4.238391e+05  1.049125e+09  -1.680530e+07  -1.265439e+07  7.195331e+06  -3.489401e+08  1.050987e+09  1.049600e+09
7.092434e-02   -2.771576e+06  4.292390e+05  1.049499e+09  -1.681039e+07  -1.266406e+07  7.189756e+06  -3.490522e+08  1.051380e+09  1.049974e+09
7.139000e-02   -2.814710e+06  4.345881e+05  1.049867e+09  -1.681550e+07  -1.267362e+07  7.184128e+06  -3.491624e+08  1.051767e+09  1.050342e+09
7.185544e-02   -2.858055e+06  4.398890e+05  1.050230e+09  -1.682063e+07  -1.268305e+07  7.178451e+06  -3.492706e+08  1.052149e+09  1.050706e+09
7.232066e-02   -2.901611e+06  4.451434e+05  1.050587e+09  -1.682576e+07  -1.269237e+07  7.172728e+06  -3.493770e+08  1.052526e+09  1.051063e+09
7.278567e-02   -2.945376e+06  4.503534e+05  1.050939e+09  -1.683091e+07  -1.270158e+07  7.166960e+06  -3.494815e+08  1.052898e+09  1.051416e+09
7.325046e-02   -2.989347e+06  4.555218e+05  1.051286e+09  -1.683606e+07  -1.271068e+07  7.161153e+06  -3.495841e+08  1.053264e+09  1.051763e+09
7.371504e-02   -3.033523e+06  4.606521e+05  1.051628e+09  -1.684122e+07  -1.271967e+07  7.155310e+06  -3.496850e+08  1.053626e+09  1.052104e+09
7.417940e-02   -3.077894e+06  4.657450e+05  1.051964e+09  -1.684639e+07  -1.272855e+07  7.149431e+06  -3.497840e+08  1.053982e+09  1.052441e+09
7.464354e-02   -3.122457e+06  4.708017e+05  1.052296e+09  -1.685157e+07  -1.273733e+07  7.143518e+06  -3.498813e+08  1.054334e+09  1.052773e+09
7.510747e-02   -3.167208e+06  4.758225e+05  1.052622e+09  -1.685677e+07  -1.274600e+07  7.137574e+06  -3.499770e+08  1.054681e+09  1.053100e+09
7.557119e-02   -3.212141e+06  4.808083e+05  1.052944e+09  -1.686198e+07  -1.275457e+07  7.131604e+06  -3.500710e+08  1.055023e+09  1.053422e+09
7.603469e-02   -3.257253e+06  4.857601e+05  1.053262e+09  -1.686720e+07  -1.276303e+07  7.125612e+06  -3.501635e+08  1.055361e+09  1.053740e+09
7.649797e-02   -3.302542e+06  4.906806e+05  1.053575e+09  -1.687245e+07  -1.277139e+07  7.119601e+06  -3.502544e+08  1.055695e+09  1.054053e+09
7.696104e-02   -3.359341e+06  4.896999e+05  1.053872e+09  -1.687741e+07  -1.277996e+07  7.112326e+06  -3.503341e+08  1.056021e+09  1.054351e+09
7.742390e-02   -3.405300e+06  4.916926e+05  1.054172e+09  -1.688595e+07  -1.278888e+07  7.104948e+06  -3.504195e+08  1.056343e+09  1.054651e+09
7.788654e-02   -3.450249e+06  4.964311e+05  1.054474e+09  -1.689156e+07  -1.279800e+07  7.097251e+06  -3.505067e+08  1.056666e+09  1.054953e+09
7.834897e-02   -3.495315e+06  5.011477e+05  1.054774e+09  -1.689731e+07  -1.280693e+07  7.089535e+06  -3.505933e+08  1.056986e+09  1.055254e+09
7.881118e-02   -3.540506e+06  5.058421e+05  1.055071e+09  -1.690314e+07  -1.281570e+07  7.081816e+06  -3.506789e+08  1.057304e+09  1.055551e+09
7.927318e-02   -3.585822e+06  5.105168e+05  1.055366e+09  -1.690905e+07  -1.282431e+07  7.074094e+06  -3.507635e+08  1.057619e+09  1.055846e+09
7.973497e-02   -3.631260e+06  5.151761e+05  1.055657e+09  -1.691502e+07  -1.283278e+07  7.066374e+06  -3.508470e+08  1.057932e+09  1.056138e+09
8.019654e-02   -3.676818e+06  5.198219e+05  1.055945e+09  -1.692104e+07  -1.284111e+07  7.058662e+06  -3.509294e+08  1.058240e+09  1.056426e+09
8.065790e-02   -3.722504e+06  5.244534e+05  1.056230e+09  -1.692712e+07  -1.284930e+07  7.050967e+06  -3.510108e+08  1.058546e+09  1.056712e+09
8.111905e-02   -3.768308e+06  5.290727e+05  1.056512e+09  -1.693325e+07  -1.285735e+07  7.043287e+06  -3.510910e+08  1.058849e+09  1.056994e+09
8.157999e-02   -3.814227e+06  5.336825e+05  1.056791e+09  -1.693942e+07  -1.286527e+07  7.035626e+06  -3.511702e+08  1.059149e+09  1.057273e+09
8.204071e-02   -3.860259e+06  5.382851e+05  1.057067e+09  -1.694566e+07  -1.287306e+07  7.027987e+06  -3.512484e+08  1.059446e+09  1.057549e+09
8.250122e-02   -3.906401e+06  5.428819e+05  1.057340e+09  -1.695196e+07  -1.288072e+07  7.020371e+06  -3.513255e+08  1.059740e+09  1.057823e+09
8.296152e-02   -3.952652e+06  5.474743e+05  1.057610e+09  -1.695831e+07  -1.288825e+07  7.012780e+06  -3.514017e+08  1.060032e+09  1.058093e+09
8.342161e-02   -3.999012e+06  5.520633e+05  1.057877e+09  -1.696472e+07  -1.289567e+07  7.005216e+06  -3.514768e+08  1.060320e+09  1.058361e+09
8.388148e-02   -4.045477e+06  5.566512e+05  1.058142e+09  -1.697119e+07  -1.290298e+07  6.997681e+06  -3.515509e+08  1.060606e+09  1.058625e+09
8.434115e-02   -4.092049e+06  5.612405e+05  1.058403e+09  -1.697771e+07  -1.291018e+07  6.990177e+06  -3.516241e+08  1.060889e+09  1.058887e+09
8.480060e-02   -4.138724e+06  5.658310e+05  1.058661e+09  -1.698428e+07  -1.291728e+07  6.982707e+06  -3.516962e+08  1.061169e+09  1.059146e+09
8.525984e-02   -4.185498e+06  5.704234e+05  1.058917e+09  -1.699089e+07  -1.292428e+07  6.975274e+06  -3.517673e+08  1.061446e+09  1.059402e+09
8.571888e-02   -4.232371e+06  5.750197e+05  1.059170e+09  -1.699755e+07  -1.293119e+07  6.967878e+06  -3.518376e+08  1.061720e+09  1.059655e+09
8.617770e-02   -4.291063e+06  5.737151e+05  1.059410e+09  -1.700398e+07  -1.293829e+07  6.959179e+06  -3.518974e+08  1.061990e+09  1.059895e+09
8.663631e-02   -4.337720e+06  5.783049e+05  1.059657e+09  -1.701074e+07  -1.294526e+07  6.950906e+06  -3.519660e+08  1.062259e+09  1.060143e+09
8.709471e-02   -4.384446e+06  5.828935e+05  1.059903e+09  -1.701761e+07  -1.295211e+07  6.942680e+06  -3.520339e+08  1.062527e+09  1.060389e+09
8.755290e-02   -4.431247e+06  5.874872e+05  1.060147e+09  -1.702456e+07  -1.295886e+07  6.934510e+06  -3.521011e+08  1.062792e+09  1.060634e+09
8.801088e-02   -4.478126e+06  5.920893e+05  1.060389e+09  -1.703159e+07  -1.296551e+07  6.926396e+06  -3.521676e+08  1.063055e+09  1.060876e+09
8.846865e-02   -4.525079e+06  5.967012e+05  1.060628e+09  -1.703868e+07  -1.297207e+07  6.918339e+06  -3.522333e+08  1.063316e+09  1.061115e+09
8.892621e-02   -4.572107e+06  6.013244e+05  1.060865e+09  -1.704583e+07  -1.297853e+07  6.910342e+06  -3.522982e+08  1.063575e+09  1.061353e+09
8.938356e-02   -4.619206e+06  6.059599e+05  1.061100e+09  -1.705304e+07  -1.298490e+07  6.902404e+06  -3.523623e+08  1.063832e+09  1.061588e+09
8.984070e-02   -4.666378e+06  6.106089e+05  1.061333e+09  -1.706031e+07  -1.299119e+07  6.894526e+06  -3.524257e+08  1.064086e+09  1.061821e+09
9.029764e-02   -4.713618e+06  6.152704e+05  1.061563e+09  -1.706763e+07  -1.299740e+07  6.886711e+06  -3.524884e+08  1.064338e+09  1.062052e+09
9.075436e-02   -4.760926e+06  6.199459e+05  1.061792e+09  -1.707500e+07  -1.300353e+07  6.878961e+06  -3.525503e+08  1.064589e+09  1.062281e+09
9.121088e-02   -4.808310e+06  6.246357e+05  1.062018e+09  -1.708243e+07  -1.300958e+07  6.871280e+06  -3.526115e+08  1.064837e+09  1.062508e+09
9.166719e-02   -4.856620e+06  6.268338e+05  1.062242e+09  -1.709326e+07  -1.301602e+07  6.863189e+06  -3.526708e+08  1.065084e+09  1.062732e+09
9.212329e-02   -4.903577e+06  6.315404e+05  1.062467e+09  -1.710102e+07  -1.302254e+07  6.854898e+06  -3.527317e+08  1.065331e+09  1.062958e+09
9.257918e-02   -4.950567e+06  6.362668e+05  1.062691e+09  -1.710886e+07  -1.302892e+07  6.846662e+06  -3.527923e+08  1.065577e+09  1.063182e+09
9.303487e-02   -4.997600e+06  6.410082e+05  1.062913e+09  -1.711678e+07  -1.303518e+07  6.838493e+06  -3.528522e+08  1.065820e+09  1.063405e+09
9.349034e-02   -5.044678e+06  6.457654e+05  1.063133e+09  -1.712476e+07  -1.304132e+07  6.830393e+06  -3.529115e+08  1.066062e+09  1.063625e+09
9.394561e-02   -5.091800e+06  6.505393e+05  1.063352e+09  -1.713279e+07  -1.304736e+07  6.822361e+06  -3.529702e+08  1.066302e+09  1.063844e+09
9.440068e-02   -5.138963e+06  6.553314e+05  1.063568e+09  -1.714087e+07  -1.305331e+07  6.814398e+06  -3.530281e+08  1.066540e+09  1.064061e+09
9.485553e-02   -5.186169e+06  6.601435e+05  1.063782e+09  -1.714900e+07  -1.305916e+07  6.806503e+06  -3.530854e+08  1.066776e+09  1.064275e+09
9.531018e-02   -5.245371e+06  6.589728e+05  1.063985e+09  -1.715691e+07  -1.306522e+07  6.797265e+06  -3.531329e+08  1.067009e+09  1.064479e+09
