 time  epsilon_1  epsilon_2  epsilon_3  epsilon_4  epsilon_5  epsilon_6  
0.000000e+00   0.000000e+00  0.000000e+00  0.000000e+00  0.000000e+00  0.000000e+00  0.000000e+00
1.000000e+00   -8.030911e-17  -4.581945e-18  5.903190e-17  4.377014e-34  -3.628769e-33  4.541782e-33
2.000000e+00   -1.319514e-14  -5.165151e-15  1.836084e-14  -1.382212e-30  -3.237175e-29  2.259275e-29
3.000000e+00   -3.285818e-13  -1.295837e-13  4.581681e-13  -6.383275e-28  -1.491843e-26  1.041217e-26
4.000000e+00   -3.926258e-12  -1.548737e-12  5.474998e-12  -7.298480e-26  -1.702461e-24  1.188117e-24
5.000000e+00   -2.964515e-11  -1.169270e-11  4.133786e-11  -3.474824e-24  -8.083680e-23  5.640608e-23
6.000000e+00   -1.632800e-10  -6.439338e-11  2.276734e-10  -9.048830e-23  -2.100664e-21  1.465648e-21
7.000000e+00   -7.143828e-10  -2.816993e-10  9.960821e-10  -1.517700e-21  -3.516870e-20  2.453565e-20
8.000000e+00   -2.622466e-09  -1.033996e-09  3.656463e-09  -1.822330e-20  -4.211271e-19  2.937267e-19
9.000000e+00   -8.383650e-09  -3.305100e-09  1.168875e-08  -1.681594e-19  -3.872439e-18  2.700350e-18
1.000000e+01   -2.396866e-08  -9.448118e-09  3.341677e-08  -1.252588e-18  -2.876760e-17  2.005661e-17
1.100000e+01   -6.249296e-08  -2.463112e-08  8.712408e-08  -7.826732e-18  -1.792382e-16  1.249316e-16
1.200000e+01   -1.507977e-07  -5.942914e-08  2.102269e-07  -4.220080e-17  -9.632268e-16  6.710958e-16
1.300000e+01   -3.406861e-07  -1.342504e-07  4.749365e-07  -2.007554e-16  -4.564307e-15  3.178848e-15
1.400000e+01   -7.271159e-07  -2.864996e-07  1.013615e-06  -8.579762e-16  -1.939760e-14  1.350222e-14
1.500000e+01   -1.476681e-06  -5.817914e-07  2.058472e-06  -3.333200e-15  -7.495113e-14  5.213157e-14
1.600000e+01   -2.870099e-06  -1.130704e-06  4.000803e-06  -1.194347e-14  -2.662339e-13  1.849169e-13
1.700000e+01   -5.363289e-06  -2.112960e-06  7.476247e-06  -3.983796e-14  -8.766155e-13  6.074098e-13
1.800000e+01   -9.670730e-06  -3.810251e-06  1.348098e-05  -1.245680e-13  -2.692272e-12  1.859268e-12
1.900000e+01   -1.687142e-05  -6.648618e-06  2.352002e-05  -3.689784e-13  -7.748144e-12  5.322467e-12
2.000000e+01   -2.854254e-05  -1.126397e-05  3.980647e-05  -1.033413e-12  -2.093326e-11  1.426868e-11
2.100000e+01   -4.684410e-05  -1.851003e-05  6.535402e-05  -2.775868e-12  -5.319912e-11  3.582407e-11
2.200000e+01   -7.460834e-05  -2.952246e-05  1.041305e-04  -7.151426e-12  -1.270286e-10  8.401774e-11
2.300000e+01   -1.152825e-04  -4.569690e-05  1.609787e-04  -1.764205e-11  -2.844369e-10  1.834312e-10
2.400000e+01   -1.726937e-04  -6.860506e-05  2.412975e-04  -4.146570e-11  -5.958556e-10  3.714732e-10
2.500000e+01   -2.506076e-04  -9.982481e-05  3.504300e-04  -9.210315e-11  -1.165622e-09  6.961372e-10
2.600000e+01   -3.521479e-04  -1.407077e-04  4.928511e-04  -1.917867e-10  -2.128098e-09  1.207121e-09
2.700000e+01   -4.792482e-04  -1.921439e-04  6.713847e-04  -3.722696e-10  -3.630971e-09  1.942527e-09
2.800000e+01   -6.323362e-04  -2.544123e-04  8.867367e-04  -6.724029e-10  -5.809079e-09  2.917693e-09
2.900000e+01   -8.103598e-04  -3.271624e-04  1.137505e-03  -1.132524e-09  -8.758617e-09  4.122242e-09
3.000000e+01   -1.011111e-03  -4.095281e-04  1.420614e-03  -1.787775e-09  -1.252210e-08  5.525844e-09
3.100000e+01   -1.231701e-03  -5.003166e-04  1.731984e-03  -2.662996e-09  -1.708847e-08  7.088236e-09
3.200000e+01   -1.469020e-03  -5.982066e-04  2.067183e-03  -3.770798e-09  -2.240507e-08  8.768359e-09
3.300000e+01   -1.720079e-03  -7.019018e-04  2.421927e-03  -5.112415e-09  -2.839452e-08  1.053010e-08
3.400000e+01   -1.982223e-03  -8.102299e-04  2.792386e-03  -6.680321e-09  -3.497012e-08  1.234465e-08
3.500000e+01   -2.253207e-03  -9.221878e-04  3.175316e-03  -8.461249e-09  -4.204707e-08  1.419056e-08
3.600000e+01   -2.531207e-03  -1.036950e-03  3.568065e-03  -1.043889e-08  -4.954883e-08  1.605270e-08
3.700000e+01   -2.814778e-03  -1.153857e-03  3.968528e-03  -1.259597e-08  -5.740991e-08  1.792091e-08
3.800000e+01   -3.102795e-03  -1.272389e-03  4.375063e-03  -1.491552e-08  -6.557615e-08  1.978878e-08
3.900000e+01   -3.394428e-03  -1.392186e-03  4.786479e-03  -1.738322e-08  -7.400514e-08  2.164992e-08
4.000000e+01   -3.689175e-03  -1.513145e-03  5.202170e-03  -1.997582e-08  -8.265325e-08  2.351041e-08
4.100000e+01   -3.986311e-03  -1.635020e-03  5.621167e-03  -2.269130e-08  -9.149127e-08  2.535952e-08
4.200000e+01   -4.285351e-03  -1.757339e-03  6.042511e-03  -2.551120e-08  -1.004928e-07  2.719900e-08
4.300000e+01   -4.586050e-03  -1.879985e-03  6.465840e-03  -2.842636e-08  -1.096428e-07  2.903052e-08
4.400000e+01   -4.888222e-03  -2.002867e-03  6.890878e-03  -3.142875e-08  -1.189291e-07  3.085582e-08
4.500000e+01   -5.191719e-03  -2.125916e-03  7.317409e-03  -3.451127e-08  -1.283419e-07  3.267659e-08
4.600000e+01   -5.496427e-03  -2.249079e-03  7.745265e-03  -3.766770e-08  -1.378732e-07  3.449450e-08
4.700000e+01   -5.802254e-03  -2.372315e-03  8.174313e-03  -4.089241e-08  -1.475162e-07  3.631107e-08
4.800000e+01   -6.109128e-03  -2.495592e-03  8.604448e-03  -4.418055e-08  -1.572654e-07  3.812780e-08
4.900000e+01   -6.416991e-03  -2.618887e-03  9.035590e-03  -4.752777e-08  -1.671161e-07  3.994612e-08
5.000000e+01   -6.725796e-03  -2.742181e-03  9.467673e-03  -5.093023e-08  -1.770643e-07  4.176736e-08
5.100000e+01   -7.035505e-03  -2.865459e-03  9.900644e-03  -5.438444e-08  -1.871064e-07  4.359281e-08
5.200000e+01   -7.346084e-03  -2.988710e-03  1.033446e-02  -5.788718e-08  -1.972394e-07  4.542367e-08
5.300000e+01   -7.657505e-03  -3.111925e-03  1.076908e-02  -6.143554e-08  -2.074602e-07  4.726109e-08
5.400000e+01   -7.969743e-03  -3.235098e-03  1.120447e-02  -6.502696e-08  -2.177666e-07  4.910596e-08
5.500000e+01   -8.282778e-03  -3.358224e-03  1.164062e-02  -6.865909e-08  -2.281562e-07  5.095923e-08
5.600000e+01   -8.596589e-03  -3.481299e-03  1.207749e-02  -7.232967e-08  -2.386268e-07  5.282172e-08
5.700000e+01   -8.911160e-03  -3.604322e-03  1.251506e-02  -7.603656e-08  -2.491767e-07  5.469429e-08
5.800000e+01   -9.226475e-03  -3.727290e-03  1.295333e-02  -7.977798e-08  -2.598043e-07  5.657772e-08
5.900000e+01   -9.542554e-03  -3.850280e-03  1.339238e-02  -8.355600e-08  -2.705111e-07  5.846190e-08
6.000000e+01   -9.859517e-03  -3.973435e-03  1.383249e-02  -8.735366e-08  -2.812760e-07  6.037554e-08
6.100000e+01   -1.017708e-02  -4.096503e-03  1.427310e-02  -9.117773e-08  -2.921032e-07  6.229979e-08
6.200000e+01   -1.049527e-02  -4.219491e-03  1.471426e-02  -9.502745e-08  -3.029934e-07  6.423575e-08
6.300000e+01   -1.081409e-02  -4.342405e-03  1.515598e-02  -9.890214e-08  -3.139470e-07  6.618442e-08
6.400000e+01   -1.113354e-02  -4.465251e-03  1.559826e-02  -1.028011e-07  -3.249643e-07  6.814659e-08
6.500000e+01   -1.145362e-02  -4.588034e-03  1.604110e-02  -1.067235e-07  -3.360452e-07  7.012298e-08
6.600000e+01   -1.177433e-02  -4.710756e-03  1.648452e-02  -1.106681e-07  -3.471887e-07  7.211426e-08
6.700000e+01   -1.209566e-02  -4.833420e-03  1.692850e-02  -1.146339e-07  -3.583939e-07  7.412107e-08
6.800000e+01   -1.241761e-02  -4.956028e-03  1.737303e-02  -1.186198e-07  -3.696599e-07  7.614387e-08
6.900000e+01   -1.274016e-02  -5.078579e-03  1.781812e-02  -1.226249e-07  -3.809859e-07  7.818307e-08
7.000000e+01   -1.306336e-02  -5.201039e-03  1.826377e-02  -1.266530e-07  -3.923885e-07  8.022942e-08
7.100000e+01   -1.338726e-02  -5.323818e-03  1.871043e-02  -1.307077e-07  -4.038462e-07  8.229971e-08
7.200000e+01   -1.371165e-02  -5.446516e-03  1.915750e-02  -1.347754e-07  -4.153500e-07  8.438536e-08
7.300000e+01   -1.403654e-02  -5.569141e-03  1.960500e-02  -1.388561e-07  -4.269010e-07  8.648740e-08
7.400000e+01   -1.436194e-02  -5.691701e-03  2.005294e-02  -1.429493e-07  -4.384998e-07  8.860632e-08
7.500000e+01   -1.468785e-02  -5.814201e-03  2.050134e-02  -1.470543e-07  -4.501465e-07  9.074251e-08
7.600000e+01   -1.501428e-02  -5.936646e-03  2.095019e-02  -1.511709e-07  -4.618416e-07  9.289640e-08
7.700000e+01   -1.534122e-02  -6.059039e-03  2.139951e-02  -1.552988e-07  -4.735849e-07  9.506834e-08
7.800000e+01   -1.566867e-02  -6.181382e-03  2.184928e-02  -1.594378e-07  -4.853765e-07  9.725860e-08
7.900000e+01   -1.599667e-02  -6.303813e-03  2.229970e-02  -1.635937e-07  -4.972214e-07  9.944814e-08
8.000000e+01   -1.632536e-02  -6.426431e-03  2.275098e-02  -1.677446e-07  -5.090912e-07  1.016833e-07
8.100000e+01   -1.665443e-02  -6.548965e-03  2.320257e-02  -1.719011e-07  -5.209947e-07  1.039348e-07
8.200000e+01   -1.698389e-02  -6.671428e-03  2.365448e-02  -1.760639e-07  -5.329339e-07  1.062033e-07
8.300000e+01   -1.731377e-02  -6.793824e-03  2.410674e-02  -1.802333e-07  -5.449103e-07  1.084892e-07
8.400000e+01   -1.764407e-02  -6.916162e-03  2.455936e-02  -1.844092e-07  -5.569248e-07  1.107927e-07
8.500000e+01   -1.797479e-02  -7.038446e-03  2.501234e-02  -1.885915e-07  -5.689780e-07  1.131137e-07
8.600000e+01   -1.830594e-02  -7.160680e-03  2.546570e-02  -1.927801e-07  -5.810700e-07  1.154525e-07
8.700000e+01   -1.863750e-02  -7.282864e-03  2.591944e-02  -1.969747e-07  -5.932011e-07  1.178096e-07
8.800000e+01   -1.896949e-02  -7.405004e-03  2.637355e-02  -2.011754e-07  -6.053718e-07  1.201854e-07
8.900000e+01   -1.930190e-02  -7.527102e-03  2.682804e-02  -2.053817e-07  -6.175831e-07  1.225809e-07
9.000000e+01   -1.963473e-02  -7.649159e-03  2.728291e-02  -2.095931e-07  -6.298360e-07  1.249969e-07
9.100000e+01   -1.996798e-02  -7.771175e-03  2.773815e-02  -2.138093e-07  -6.421306e-07  1.274332e-07
9.200000e+01   -2.030162e-02  -7.893149e-03  2.819375e-02  -2.180298e-07  -6.544665e-07  1.298897e-07
9.300000e+01   -2.063565e-02  -8.015080e-03  2.864969e-02  -2.222546e-07  -6.668428e-07  1.323662e-07
9.400000e+01   -2.097006e-02  -8.136967e-03  2.910597e-02  -2.264835e-07  -6.792586e-07  1.348625e-07
9.500000e+01   -2.130483e-02  -8.258810e-03  2.956257e-02  -2.307165e-07  -6.917133e-07  1.373783e-07
9.600000e+01   -2.163995e-02  -8.380605e-03  3.001947e-02  -2.349532e-07  -7.042059e-07  1.399130e-07
9.700000e+01   -2.197541e-02  -8.502352e-03  3.047666e-02  -2.391930e-07  -7.167352e-07  1.424660e-07
9.800000e+01   -2.231120e-02  -8.624050e-03  3.093412e-02  -2.434356e-07  -7.293007e-07  1.450369e-07
9.900000e+01   -2.264738e-02  -8.745886e-03  3.139212e-02  -2.476884e-07  -7.419096e-07  1.475969e-07
1.000000e+02   -2.298413e-02  -8.868007e-03  3.185097e-02  -2.519398e-07  -7.545548e-07  1.501923e-07
1.010000e+02   -2.332103e-02  -8.990299e-03  3.231015e-02  -2.561849e-07  -7.671861e-07  1.528145e-07
1.020000e+02   -2.365805e-02  -9.112481e-03  3.276932e-02  -2.604246e-07  -7.798247e-07  1.554476e-07
1.030000e+02   -2.399520e-02  -9.234569e-03  3.322854e-02  -2.646602e-07  -7.924732e-07  1.580922e-07
1.040000e+02   -2.433250e-02  -9.356573e-03  3.368784e-02  -2.688923e-07  -8.051335e-07  1.607484e-07
1.050000e+02   -2.466998e-02  -9.478500e-03  3.414722e-02  -2.731218e-07  -8.178067e-07  1.634162e-07
1.060000e+02   -2.500763e-02  -9.600355e-03  3.460671e-02  -2.773491e-07  -8.304930e-07  1.660952e-07
1.070000e+02   -2.534545e-02  -9.722143e-03  3.506630e-02  -2.815743e-07  -8.431921e-07  1.687851e-07
1.080000e+02   -2.568344e-02  -9.843868e-03  3.552600e-02  -2.857975e-07  -8.559036e-07  1.714853e-07
1.090000e+02   -2.602161e-02  -9.965533e-03  3.598581e-02  -2.900187e-07  -8.686270e-07  1.741956e-07
1.100000e+02   -2.635994e-02  -1.008714e-02  3.644572e-02  -2.942378e-07  -8.813618e-07  1.769156e-07
1.110000e+02   -2.669843e-02  -1.020869e-02  3.690575e-02  -2.984549e-07  -8.941073e-07  1.796452e-07
1.120000e+02   -2.703707e-02  -1.033019e-02  3.736588e-02  -3.026699e-07  -9.068624e-07  1.823839e-07
1.130000e+02   -2.737587e-02  -1.045164e-02  3.782610e-02  -3.068825e-07  -9.196260e-07  1.851315e-07
1.140000e+02   -2.771480e-02  -1.057304e-02  3.828641e-02  -3.110925e-07  -9.323968e-07  1.878874e-07
1.150000e+02   -2.805385e-02  -1.069438e-02  3.874679e-02  -3.152996e-07  -9.451736e-07  1.906514e-07
1.160000e+02   -2.839303e-02  -1.081568e-02  3.920725e-02  -3.195037e-07  -9.579551e-07  1.934230e-07
1.170000e+02   -2.873232e-02  -1.093693e-02  3.966776e-02  -3.237044e-07  -9.707399e-07  1.962020e-07
1.180000e+02   -2.907171e-02  -1.105813e-02  4.012834e-02  -3.279013e-07  -9.835270e-07  1.989883e-07
1.190000e+02   -2.941120e-02  -1.117948e-02  4.058917e-02  -3.321016e-07  -9.963173e-07  2.017423e-07
1.200000e+02   -2.975080e-02  -1.130093e-02  4.105019e-02  -3.362692e-07  -1.009050e-06  2.045455e-07
1.210000e+02   -3.009038e-02  -1.142230e-02  4.151113e-02  -3.404273e-07  -1.021766e-06  2.073529e-07
1.220000e+02   -3.042997e-02  -1.154361e-02  4.197200e-02  -3.445760e-07  -1.034466e-06  2.101651e-07
1.230000e+02   -3.076957e-02  -1.166486e-02  4.243283e-02  -3.487158e-07  -1.047149e-06  2.129823e-07
1.240000e+02   -3.110917e-02  -1.178605e-02  4.289361e-02  -3.528465e-07  -1.059815e-06  2.158044e-07
1.250000e+02   -3.144879e-02  -1.190719e-02  4.335435e-02  -3.569679e-07  -1.072464e-06  2.186315e-07
1.260000e+02   -3.178841e-02  -1.202828e-02  4.381504e-02  -3.610800e-07  -1.085094e-06  2.214633e-07
1.270000e+02   -3.212804e-02  -1.214932e-02  4.427570e-02  -3.651828e-07  -1.097706e-06  2.242997e-07
1.280000e+02   -3.246767e-02  -1.227031e-02  4.473630e-02  -3.692762e-07  -1.110297e-06  2.271404e-07
1.290000e+02   -3.280729e-02  -1.239126e-02  4.519685e-02  -3.733603e-07  -1.122868e-06  2.299852e-07
1.300000e+02   -3.314692e-02  -1.251240e-02  4.565759e-02  -3.774594e-07  -1.135447e-06  2.328025e-07
1.310000e+02   -3.348634e-02  -1.263361e-02  4.611821e-02  -3.815295e-07  -1.147936e-06  2.356418e-07
1.320000e+02   -3.382570e-02  -1.275476e-02  4.657870e-02  -3.855861e-07  -1.160390e-06  2.384840e-07
1.330000e+02   -3.416501e-02  -1.287587e-02  4.703909e-02  -3.896295e-07  -1.172808e-06  2.413297e-07
1.340000e+02   -3.450425e-02  -1.299692e-02  4.749938e-02  -3.936599e-07  -1.185192e-06  2.441789e-07
1.350000e+02   -3.484345e-02  -1.311793e-02  4.795956e-02  -3.976774e-07  -1.197540e-06  2.470317e-07
1.360000e+02   -3.518260e-02  -1.323890e-02  4.841965e-02  -4.016824e-07  -1.209853e-06  2.498880e-07
1.370000e+02   -3.552169e-02  -1.335981e-02  4.887965e-02  -4.056752e-07  -1.222130e-06  2.527478e-07
1.380000e+02   -3.586073e-02  -1.348069e-02  4.933955e-02  -4.096559e-07  -1.234371e-06  2.556111e-07
1.390000e+02   -3.619962e-02  -1.360173e-02  4.979946e-02  -4.136313e-07  -1.246573e-06  2.584246e-07
1.400000e+02   -3.653837e-02  -1.372280e-02  5.025927e-02  -4.175629e-07  -1.258670e-06  2.612900e-07
1.410000e+02   -3.687703e-02  -1.384383e-02  5.071893e-02  -4.214795e-07  -1.270722e-06  2.641576e-07
1.420000e+02   -3.721560e-02  -1.396480e-02  5.117846e-02  -4.253814e-07  -1.282729e-06  2.670276e-07
1.430000e+02   -3.755409e-02  -1.408573e-02  5.163786e-02  -4.292691e-07  -1.294692e-06  2.699002e-07
1.440000e+02   -3.789249e-02  -1.420662e-02  5.209713e-02  -4.331426e-07  -1.306610e-06  2.727755e-07
1.450000e+02   -3.823082e-02  -1.432747e-02  5.255628e-02  -4.370020e-07  -1.318484e-06  2.756537e-07
1.460000e+02   -3.856906e-02  -1.444827e-02  5.301531e-02  -4.408474e-07  -1.330313e-06  2.785349e-07
1.470000e+02   -3.890723e-02  -1.456903e-02  5.347421e-02  -4.446792e-07  -1.342098e-06  2.814192e-07
1.480000e+02   -3.924530e-02  -1.468974e-02  5.393299e-02  -4.484976e-07  -1.353840e-06  2.843064e-07
1.490000e+02   -3.958330e-02  -1.481042e-02  5.439164e-02  -4.523028e-07  -1.365537e-06  2.871965e-07
1.500000e+02   -3.992121e-02  -1.493106e-02  5.485017e-02  -4.560948e-07  -1.377191e-06  2.900896e-07
1.510000e+02   -4.025903e-02  -1.505165e-02  5.530857e-02  -4.598736e-07  -1.388801e-06  2.929858e-07
1.520000e+02   -4.059677e-02  -1.517220e-02  5.576684e-02  -4.636395e-07  -1.400367e-06  2.958849e-07
1.530000e+02   -4.093442e-02  -1.529271e-02  5.622498e-02  -4.673925e-07  -1.411890e-06  2.987871e-07
1.540000e+02   -4.127197e-02  -1.541318e-02  5.668298e-02  -4.711326e-07  -1.423369e-06  3.016924e-07
1.550000e+02   -4.160944e-02  -1.553361e-02  5.714086e-02  -4.748601e-07  -1.434804e-06  3.046006e-07
1.560000e+02   -4.194681e-02  -1.565399e-02  5.759859e-02  -4.785748e-07  -1.446197e-06  3.075117e-07
1.570000e+02   -4.228408e-02  -1.577433e-02  5.805618e-02  -4.822770e-07  -1.457545e-06  3.104256e-07
1.580000e+02   -4.262125e-02  -1.589463e-02  5.851364e-02  -4.859667e-07  -1.468850e-06  3.133425e-07
1.590000e+02   -4.295816e-02  -1.601510e-02  5.897100e-02  -4.896496e-07  -1.480106e-06  3.161982e-07
1.600000e+02   -4.329487e-02  -1.613573e-02  5.942832e-02  -4.933158e-07  -1.491295e-06  3.190760e-07
1.610000e+02   -4.363114e-02  -1.625647e-02  5.988531e-02  -4.969390e-07  -1.502337e-06  3.219787e-07
1.620000e+02   -4.396726e-02  -1.637717e-02  6.034211e-02  -5.005454e-07  -1.513322e-06  3.248828e-07
1.630000e+02   -4.430325e-02  -1.649783e-02  6.079875e-02  -5.041358e-07  -1.524253e-06  3.277886e-07
1.640000e+02   -4.463912e-02  -1.661846e-02  6.125522e-02  -5.077104e-07  -1.535127e-06  3.306961e-07
1.650000e+02   -4.497486e-02  -1.673905e-02  6.171154e-02  -5.112695e-07  -1.545947e-06  3.336056e-07
1.660000e+02   -4.531049e-02  -1.685960e-02  6.216770e-02  -5.148130e-07  -1.556712e-06  3.365169e-07
1.670000e+02   -4.564599e-02  -1.698012e-02  6.262370e-02  -5.183413e-07  -1.567423e-06  3.394302e-07
1.680000e+02   -4.598137e-02  -1.710060e-02  6.307955e-02  -5.218547e-07  -1.578081e-06  3.423453e-07
1.690000e+02   -4.631663e-02  -1.722104e-02  6.353523e-02  -5.253533e-07  -1.588684e-06  3.452622e-07
1.700000e+02   -4.665176e-02  -1.734144e-02  6.399075e-02  -5.288372e-07  -1.599235e-06  3.481809e-07
1.710000e+02   -4.698677e-02  -1.746181e-02  6.444610e-02  -5.323066e-07  -1.609734e-06  3.511012e-07
1.720000e+02   -4.732164e-02  -1.758214e-02  6.490129e-02  -5.357614e-07  -1.620179e-06  3.540233e-07
1.730000e+02   -4.765640e-02  -1.770244e-02  6.535632e-02  -5.392019e-07  -1.630573e-06  3.569469e-07
1.740000e+02   -4.799102e-02  -1.782270e-02  6.581119e-02  -5.426281e-07  -1.640915e-06  3.598721e-07
1.750000e+02   -4.832552e-02  -1.794292e-02  6.626589e-02  -5.460401e-07  -1.651205e-06  3.627988e-07
1.760000e+02   -4.865989e-02  -1.806310e-02  6.672043e-02  -5.494378e-07  -1.661442e-06  3.657269e-07
1.770000e+02   -4.899414e-02  -1.818325e-02  6.717480e-02  -5.528211e-07  -1.671628e-06  3.686564e-07
1.780000e+02   -4.932826e-02  -1.830336e-02  6.762901e-02  -5.561904e-07  -1.681762e-06  3.715871e-07
1.790000e+02   -4.966204e-02  -1.842365e-02  6.808307e-02  -5.595505e-07  -1.691839e-06  3.744445e-07
1.800000e+02   -4.999566e-02  -1.854392e-02  6.853694e-02  -5.628666e-07  -1.701800e-06  3.773680e-07
1.810000e+02   -5.032913e-02  -1.866416e-02  6.899064e-02  -5.661673e-07  -1.711708e-06  3.802918e-07
1.820000e+02   -5.066247e-02  -1.878436e-02  6.944416e-02  -5.694532e-07  -1.721561e-06  3.832160e-07
1.830000e+02   -5.099567e-02  -1.890452e-02  6.989750e-02  -5.727242e-07  -1.731360e-06  3.861405e-07
1.840000e+02   -5.132873e-02  -1.902465e-02  7.035068e-02  -5.759806e-07  -1.741105e-06  3.890653e-07
1.850000e+02   -5.166166e-02  -1.914474e-02  7.080368e-02  -5.792223e-07  -1.750797e-06  3.919903e-07
1.860000e+02   -5.199446e-02  -1.926480e-02  7.125651e-02  -5.824495e-07  -1.760435e-06  3.949155e-07
1.870000e+02   -5.232711e-02  -1.938481e-02  7.170917e-02  -5.856623e-07  -1.770020e-06  3.978409e-07
1.880000e+02   -5.265964e-02  -1.950480e-02  7.216165e-02  -5.888606e-07  -1.779553e-06  4.007664e-07
1.890000e+02   -5.299202e-02  -1.962474e-02  7.261397e-02  -5.920446e-07  -1.789033e-06  4.036920e-07
1.900000e+02   -5.332427e-02  -1.974464e-02  7.306610e-02  -5.952143e-07  -1.798461e-06  4.066178e-07
1.910000e+02   -5.365631e-02  -1.986470e-02  7.351818e-02  -5.984046e-07  -1.807897e-06  4.094955e-07
1.920000e+02   -5.398794e-02  -1.998482e-02  7.396991e-02  -6.015489e-07  -1.817178e-06  4.124037e-07
1.930000e+02   -5.431942e-02  -2.010490e-02  7.442146e-02  -6.046781e-07  -1.826404e-06  4.153114e-07
1.940000e+02   -5.465076e-02  -2.022495e-02  7.487283e-02  -6.077923e-07  -1.835576e-06  4.182186e-07
1.950000e+02   -5.498197e-02  -2.034496e-02  7.532403e-02  -6.108915e-07  -1.844694e-06  4.211252e-07
1.960000e+02   -5.531303e-02  -2.046493e-02  7.577505e-02  -6.139758e-07  -1.853758e-06  4.240312e-07
1.970000e+02   -5.564397e-02  -2.058487e-02  7.622590e-02  -6.170453e-07  -1.862769e-06  4.269368e-07
1.980000e+02   -5.597476e-02  -2.070477e-02  7.667658e-02  -6.200998e-07  -1.871726e-06  4.298420e-07
1.990000e+02   -5.630517e-02  -2.082485e-02  7.712706e-02  -6.231438e-07  -1.880627e-06  4.326638e-07
